# AKShare ETF Bridge Inspection

- Status: `ok`
- As of: `2026-07-24`
- Overall recommendation: `review_candidates_before_enabling`
- Enable candidates: `11`

## Source Recommendations

| Node | Sector | Fund | Recommendation | Reason |
|---|---|---|---|---|
| `brokerage_etf_flow` | `brokerage` | `512000` | `candidate_for_manual_review` | Latest row has positive price, positive amount, and non-empty estimated_flow. |
| `bank_insurance_etf_flow` | `bank_insurance` | `512800` | `candidate_for_manual_review` | Latest row has positive price, positive amount, and non-empty estimated_flow. |
| `semiconductor_etf_flow` | `semiconductor` | `512480` | `candidate_for_manual_review` | Latest row has positive price, positive amount, and non-empty estimated_flow. |
| `ai_computer_etf_flow` | `ai_computer` | `159819` | `candidate_for_manual_review` | Latest row has positive price, positive amount, and non-empty estimated_flow. |
| `communication_electronics_etf_flow` | `communication_electronics` | `515880` | `candidate_for_manual_review` | Latest row has positive price, positive amount, and non-empty estimated_flow. |
| `new_energy_ev_etf_flow` | `new_energy_ev` | `515030` | `candidate_for_manual_review` | Latest row has positive price, positive amount, and non-empty estimated_flow. |
| `healthcare_pharma_etf_flow` | `healthcare_pharma` | `512010` | `candidate_for_manual_review` | Latest row has positive price, positive amount, and non-empty estimated_flow. |
| `consumer_etf_flow` | `consumer` | `159928` | `candidate_for_manual_review` | Latest row has positive price, positive amount, and non-empty estimated_flow. |
| `defense_military_etf_flow` | `defense_military` | `512660` | `candidate_for_manual_review` | Latest row has positive price, positive amount, and non-empty estimated_flow. |
| `resources_materials_etf_flow` | `resources_materials` | `512400` | `candidate_for_manual_review` | Latest row has positive price, positive amount, and non-empty estimated_flow. |
| `real_estate_infra_etf_flow` | `real_estate_infra` | `512200` | `candidate_for_manual_review` | Latest row has positive price, positive amount, and non-empty estimated_flow. |

## Ranked By Amount

| Fund | Name | Sector | Amount | Estimated Flow |
|---|---|---|---:|---:|
| `515880` | 通信ETF国泰 | `communication_electronics` | 2,954,379,079.00 | -333,336,000.00 |
| `512480` | 半导体ETF国联安 | `semiconductor` | 1,806,687,069.00 | 694,512,000.00 |
| `512800` | 银行ETF华宝 | `bank_insurance` | 1,169,400,138.00 | -313,077,651.46 |
| `512400` | 有色金属ETF南方 | `resources_materials` | 1,166,844,957.00 | 636,745,111.04 |
| `512000` | 券商ETF华宝 | `brokerage` | 1,163,002,453.00 | -168,845,697.02 |
| `512010` | 医药ETF易方达 | `healthcare_pharma` | 550,274,549.00 | -83,584,976.64 |
| `159819` | 人工智能ETF易方达 | `ai_computer` | 540,120,349.92 | 71,971,757.57 |
| `512660` | 军工ETF国泰 | `defense_military` | 321,393,528.00 | 1,077,206.78 |
| `159928` | 消费ETF汇添富 | `consumer` | 313,089,252.59 | -32,800,083.97 |
| `515030` | 新能源车ETF华夏 | `new_energy_ev` | 114,603,749.00 | -4,686,000.00 |
| `512200` | 房地产ETF南方 | `real_estate_infra` | 77,600,119.00 | 4,492,000.00 |

## Ranked By Estimated Flow

| Fund | Name | Sector | Estimated Flow | Amount |
|---|---|---|---:|---:|
| `512480` | 半导体ETF国联安 | `semiconductor` | 694,512,000.00 | 1,806,687,069.00 |
| `512400` | 有色金属ETF南方 | `resources_materials` | 636,745,111.04 | 1,166,844,957.00 |
| `159819` | 人工智能ETF易方达 | `ai_computer` | 71,971,757.57 | 540,120,349.92 |
| `512200` | 房地产ETF南方 | `real_estate_infra` | 4,492,000.00 | 77,600,119.00 |
| `512660` | 军工ETF国泰 | `defense_military` | 1,077,206.78 | 321,393,528.00 |
| `515030` | 新能源车ETF华夏 | `new_energy_ev` | -4,686,000.00 | 114,603,749.00 |
| `159928` | 消费ETF汇添富 | `consumer` | -32,800,083.97 | 313,089,252.59 |
| `512010` | 医药ETF易方达 | `healthcare_pharma` | -83,584,976.64 | 550,274,549.00 |
| `512000` | 券商ETF华宝 | `brokerage` | -168,845,697.02 | 1,163,002,453.00 |
| `512800` | 银行ETF华宝 | `bank_insurance` | -313,077,651.46 | 1,169,400,138.00 |
| `515880` | 通信ETF国泰 | `communication_electronics` | -333,336,000.00 | 2,954,379,079.00 |
