# AKShare ETF Bridge Inspection

- Status: `ok`
- As of: `2026-07-21`
- Overall recommendation: `review_candidates_before_enabling`
- Enable candidates: `11`

## Source Recommendations

| Node | Sector | Fund | Recommendation | Reason |
|---|---|---|---|---|
| `brokerage_etf_flow` | `brokerage` | `512000` | `candidate_for_manual_review` | Latest row has positive price, positive amount, and non-empty estimated_flow. |
| `bank_insurance_etf_flow` | `bank_insurance` | `512800` | `candidate_for_manual_review` | Latest row has positive price, positive amount, and non-empty estimated_flow. |
| `semiconductor_etf_flow` | `semiconductor` | `512480` | `candidate_for_manual_review` | Latest row has positive price, positive amount, and non-empty estimated_flow. |
| `ai_computer_etf_flow` | `ai_computer` | `159819` | `candidate_for_manual_review` | Latest row has positive price, positive amount, and non-empty estimated_flow. |
| `communication_electronics_etf_flow` | `communication_electronics` | `515880` | `candidate_for_manual_review` | Latest row has positive price, positive amount, and non-empty estimated_flow. |
| `new_energy_ev_etf_flow` | `new_energy_ev` | `515030` | `candidate_for_manual_review` | Latest row has positive price, positive amount, and non-empty estimated_flow. |
| `healthcare_pharma_etf_flow` | `healthcare_pharma` | `512010` | `candidate_for_manual_review` | Latest row has positive price, positive amount, and non-empty estimated_flow. |
| `consumer_etf_flow` | `consumer` | `159928` | `candidate_for_manual_review` | Latest row has positive price, positive amount, and non-empty estimated_flow. |
| `defense_military_etf_flow` | `defense_military` | `512660` | `candidate_for_manual_review` | Latest row has positive price, positive amount, and non-empty estimated_flow. |
| `resources_materials_etf_flow` | `resources_materials` | `512400` | `candidate_for_manual_review` | Latest row has positive price, positive amount, and non-empty estimated_flow. |
| `real_estate_infra_etf_flow` | `real_estate_infra` | `512200` | `candidate_for_manual_review` | Latest row has positive price, positive amount, and non-empty estimated_flow. |

## Ranked By Amount

| Fund | Name | Sector | Amount | Estimated Flow |
|---|---|---|---:|---:|
| `515880` | 通信ETF国泰 | `communication_electronics` | 7,589,771,708.00 | 3,485,370,743.81 |
| `512480` | 半导体ETF国联安 | `semiconductor` | 2,839,386,458.00 | 2,265,120,000.00 |
| `512800` | 银行ETF华宝 | `bank_insurance` | 1,541,908,628.00 | 1,681,752,000.00 |
| `512000` | 券商ETF华宝 | `brokerage` | 1,285,590,473.00 | 821,366,194.18 |
| `159819` | 人工智能ETF易方达 | `ai_computer` | 1,225,987,052.18 | 737,840,000.00 |
| `512400` | 有色金属ETF南方 | `resources_materials` | 960,663,798.00 | -620,730,109.44 |
| `159928` | 消费ETF汇添富 | `consumer` | 589,174,212.85 | -69,576,000.00 |
| `512010` | 医药ETF易方达 | `healthcare_pharma` | 536,471,483.00 | -697,480,024.06 |
| `512660` | 军工ETF国泰 | `defense_military` | 421,081,163.00 | 350,979,860.48 |
| `515030` | 新能源车ETF华夏 | `new_energy_ev` | 140,487,110.00 | -6,316,000.00 |
| `512200` | 房地产ETF南方 | `real_estate_infra` | 133,257,855.00 | 194,480,000.00 |

## Ranked By Estimated Flow

| Fund | Name | Sector | Estimated Flow | Amount |
|---|---|---|---:|---:|
| `515880` | 通信ETF国泰 | `communication_electronics` | 3,485,370,743.81 | 7,589,771,708.00 |
| `512480` | 半导体ETF国联安 | `semiconductor` | 2,265,120,000.00 | 2,839,386,458.00 |
| `512800` | 银行ETF华宝 | `bank_insurance` | 1,681,752,000.00 | 1,541,908,628.00 |
| `512000` | 券商ETF华宝 | `brokerage` | 821,366,194.18 | 1,285,590,473.00 |
| `159819` | 人工智能ETF易方达 | `ai_computer` | 737,840,000.00 | 1,225,987,052.18 |
| `512660` | 军工ETF国泰 | `defense_military` | 350,979,860.48 | 421,081,163.00 |
| `512200` | 房地产ETF南方 | `real_estate_infra` | 194,480,000.00 | 133,257,855.00 |
| `515030` | 新能源车ETF华夏 | `new_energy_ev` | -6,316,000.00 | 140,487,110.00 |
| `159928` | 消费ETF汇添富 | `consumer` | -69,576,000.00 | 589,174,212.85 |
| `512400` | 有色金属ETF南方 | `resources_materials` | -620,730,109.44 | 960,663,798.00 |
| `512010` | 医药ETF易方达 | `healthcare_pharma` | -697,480,024.06 | 536,471,483.00 |
