# AKShare ETF Bridge Inspection

- Status: `ok`
- As of: `2026-07-17`
- Overall recommendation: `review_candidates_before_enabling`
- Enable candidates: `11`

## Source Recommendations

| Node | Sector | Fund | Recommendation | Reason |
|---|---|---|---|---|
| `brokerage_etf_flow` | `brokerage` | `512000` | `candidate_for_manual_review` | Latest row has positive price, positive amount, and non-empty estimated_flow. |
| `bank_insurance_etf_flow` | `bank_insurance` | `512800` | `candidate_for_manual_review` | Latest row has positive price, positive amount, and non-empty estimated_flow. |
| `semiconductor_etf_flow` | `semiconductor` | `512480` | `candidate_for_manual_review` | Latest row has positive price, positive amount, and non-empty estimated_flow. |
| `ai_computer_etf_flow` | `ai_computer` | `159819` | `candidate_for_manual_review` | Latest row has positive price, positive amount, and non-empty estimated_flow. |
| `communication_electronics_etf_flow` | `communication_electronics` | `515880` | `candidate_for_manual_review` | Latest row has positive price, positive amount, and non-empty estimated_flow. |
| `new_energy_ev_etf_flow` | `new_energy_ev` | `515030` | `candidate_for_manual_review` | Latest row has positive price, positive amount, and non-empty estimated_flow. |
| `healthcare_pharma_etf_flow` | `healthcare_pharma` | `512010` | `candidate_for_manual_review` | Latest row has positive price, positive amount, and non-empty estimated_flow. |
| `consumer_etf_flow` | `consumer` | `159928` | `candidate_for_manual_review` | Latest row has positive price, positive amount, and non-empty estimated_flow. |
| `defense_military_etf_flow` | `defense_military` | `512660` | `candidate_for_manual_review` | Latest row has positive price, positive amount, and non-empty estimated_flow. |
| `resources_materials_etf_flow` | `resources_materials` | `512400` | `candidate_for_manual_review` | Latest row has positive price, positive amount, and non-empty estimated_flow. |
| `real_estate_infra_etf_flow` | `real_estate_infra` | `512200` | `candidate_for_manual_review` | Latest row has positive price, positive amount, and non-empty estimated_flow. |

## Ranked By Amount

| Fund | Name | Sector | Amount | Estimated Flow |
|---|---|---|---:|---:|
| `515880` | 通信ETF国泰 | `communication_electronics` | 7,199,249,354.00 | 1,758,210,819.07 |
| `512480` | 半导体ETF国联安 | `semiconductor` | 2,211,679,570.00 | 1,712,000,000.00 |
| `512800` | 银行ETF华宝 | `bank_insurance` | 1,943,623,465.00 | 932,124,650.50 |
| `512000` | 券商ETF华宝 | `brokerage` | 1,563,675,351.00 | 794,173,259.78 |
| `159819` | 人工智能ETF易方达 | `ai_computer` | 1,106,147,065.93 | 444,080,000.00 |
| `512400` | 有色金属ETF南方 | `resources_materials` | 941,534,728.00 | -557,875,895.30 |
| `512010` | 医药ETF易方达 | `healthcare_pharma` | 820,522,263.00 | -852,488,046.59 |
| `512660` | 军工ETF国泰 | `defense_military` | 454,073,276.00 | 275,058,067.97 |
| `159928` | 消费ETF汇添富 | `consumer` | 430,551,973.16 | -87,501,916.42 |
| `512200` | 房地产ETF南方 | `real_estate_infra` | 162,551,494.00 | 210,574,000.00 |
| `515030` | 新能源车ETF华夏 | `new_energy_ev` | 159,942,109.00 | -26,401,000.00 |

## Ranked By Estimated Flow

| Fund | Name | Sector | Estimated Flow | Amount |
|---|---|---|---:|---:|
| `515880` | 通信ETF国泰 | `communication_electronics` | 1,758,210,819.07 | 7,199,249,354.00 |
| `512480` | 半导体ETF国联安 | `semiconductor` | 1,712,000,000.00 | 2,211,679,570.00 |
| `512800` | 银行ETF华宝 | `bank_insurance` | 932,124,650.50 | 1,943,623,465.00 |
| `512000` | 券商ETF华宝 | `brokerage` | 794,173,259.78 | 1,563,675,351.00 |
| `159819` | 人工智能ETF易方达 | `ai_computer` | 444,080,000.00 | 1,106,147,065.93 |
| `512660` | 军工ETF国泰 | `defense_military` | 275,058,067.97 | 454,073,276.00 |
| `512200` | 房地产ETF南方 | `real_estate_infra` | 210,574,000.00 | 162,551,494.00 |
| `515030` | 新能源车ETF华夏 | `new_energy_ev` | -26,401,000.00 | 159,942,109.00 |
| `159928` | 消费ETF汇添富 | `consumer` | -87,501,916.42 | 430,551,973.16 |
| `512400` | 有色金属ETF南方 | `resources_materials` | -557,875,895.30 | 941,534,728.00 |
| `512010` | 医药ETF易方达 | `healthcare_pharma` | -852,488,046.59 | 820,522,263.00 |
